10917
119
137
143
444412
5280360
5282411
5280363
175
187
60961
206
5280723
222
6322
244
247
271
297
5959
221493
449688
311
312
338
6234
444
5757
5780
564
12035
6252
598
612
679
681
5870
3001028
700
727
5961
750
753
767
772
774
785
813
6032
5815
5819
5920
888
896
923
937
942
946
948
439260
961
1003
1046
1054
5768
445354
1084
1125
1130
159269
10836
156391
20279
31703
1727
1775
4100
9444
16923
65139
5280965
1978
1983
1986
1990
1993
2019
15541
2022
2082
2083
636374
2088
2092
2094
2099
2118
2123
2130
443958
2140
2141
37768
2145
2148
2153
2156
2159
2160
2161
2162
2163
54259
2170
33613
6249
65016
2179
2182
2187
6005
2216
92721
2244
2249
60822
2265
2266
2267
447043
5742832
2284
21700
20469
5362123
2315
2337
2341
6832
2345
2349
164522
2351
2366
9400
2369
2370
2375
2391
2405
2431
2435
2441
2442
31100
2462
2471
2474
6321408
2477
2478
2479
2484
5361092
54746
2519
2520
5288783
5280453
2540
2541
3032400
1548943
44093
2551
2554
20824
34359
2564
2576
2578
2583
2585
51038
2610
2617
5479537
5742673
441199
5281006
5362051
5282241
6533629
5479530
5479529
2662
2663
27447
5362065
446156
