000010917
000000119
000000137
000000143
000444412
005280360
005282411
005280363
000000175
000000187
000060961
000000206
005280723
000000222
000006322
000000244
000000247
000000271
000000297
000005959
000221493
000449688
000000311
000000312
000000338
000006234
000000444
000005757
000005780
000000564
000012035
000006252
000000598
000000612
000000679
000000681
000005870
003001028
000000700
000000727
000005961
000000750
000000753
000000767
000000772
000000774
000000785
000000813
000006032
000005815
000005819
000005920
000000888
000000896
000000923
000000937
000000942
000000946
000000948
000439260
000000961
000001003
000001046
000001054
000005768
000445354
000001084
000001125
000001130
000159269
000010836
000156391
000020279
000031703
000001727
000001775
000004100
000009444
000016923
000065139
005280965
000001978
000001983
000001986
000001990
000001993
000002019
000015541
000002022
000002082
000002083
000636374
000002088
000002092
000002094
000002099
000002118
000002123
000002130
000443958
000002140
000002141
000037768
000002145
000002148
000002153
000002156
000002159
000002160
000002161
000002162
000002163
000054259
000002170
000033613
000006249
000065016
000002179
000002182
000002187
000006005
000002216
000092721
000002244
000002249
000060822
000002265
000002266
000002267
000447043
005742832
000002284
000021700
000020469
005362123
000002315
000002337
000002341
000006832
000002345
000002349
000164522
000002351
000002366
000009400
000002369
000002370
000002375
000002391
000002405
000002431
000002435
000002441
000002442
000031100
000002462
000002471
000002474
006321408
000002477
000002478
000002479
000002484
005361092
000054746
000002519
000002520
005288783
005280453
000002540
000002541
003032400
001548943
000044093
000002551
000002554
000020824
000034359
000002564
000002576
000002578
000002583
000002585
000051038
000002610
000002617
005479537
005742673
000441199
005281006
005362051
005282241
006533629
005479530
005479529
000002662
000002663
000027447
005362065
000446156
000002678
000083898
000002708
000002712
009552079
000002719
000002720
000002725
000002726
000002727
000002732
000002733
000002749
000056329
000002754
000002756
000002762
000002764
000002767
000002771
000026986
000029029
000002789
000032798
000071386
000002794
001548952
000002801
000002802
000002803
000060606
000002809
000002812
000002818
000446220
005284371
000006167
000002881
000688020
005311498
000002895
000002905
000002907
005280754
000002913
000009880
000028417
006604100
000002955
000030323
000002972
000002973
000016078
000002995
000009793
000005743
000003007
005360696
000003009
005284537
000003016
000003019
000003032
000003038
000018381
000003042
000003043
000003053
000071414
000003059
000443936
002724385
005284543
000010531
000039186
000003080
000003100
000003105
000003108
000003114
000003117
000003121
000441350
000064780
014476155
000003151
000003152
000003154
005282425
000003156
000003157
000003158
000003168
000092974
000003182
000003198
000108150
000003202
000064139
000446284
000003219
005388961
000003226
000003241
005280793
000443884
000008223
000008233
000443953
000003261
000009403
000013791
000040291
000005756
000003278
000003279
000003291
000003292
000003305
000003308
000036462
000003324
005702160
000003331
000003333
000003339
000003340
000003342
000003345
000003348
000057363
000003354
000003355
000005790
000003364
000003365
000003366
000657237
000030751
000225609
000003372
000003373
000071415
000082153
000003380
000006215
000009642
000009878
000003385
000003386
000006446
000003388
000015209
000003393
000003394
000003397
000444036
000446155
005324345
000006037
000003406
000003410
000003414
000073491
000055891
005352062
000003440
003000226
000003446
000009651
000003454
000060749
006434870
000003463
000003467
000003475
000003476
000003478
000003488
000003494
000003510
000441140
000003516
000003517
000003519
000003520
000018342
000003559
000003598
000003623
000009003
000003637
000003639
000005754
000026133
000003647
005284570
000003652
000003657
000003658
000003661
000003672
000003675
000003676
000042593
000005905
000003690
000003696
000003702
005362440
000003715
000003724
000003730
000065492
000003736
000003737
000003738
000003739
000003741
000003742
000003743
000003746
000003749
000060837
000003759
000003763
000003767
005282175
000003779
000006883
000003783
000003784
000055283
000003821
000456201
000003825
000003826
000003827
000003830
000003848
000003869
000011333
000060825
000003878
000003883
005282380
000003899
000003902
000657180
000039468
000054384
000072286
005359272
000064710
000441401
005362118
000028864
000003939
000003948
000003950
000003954
000003957
000003958
000003961
000053232
000003964
000003998
000004004
000004011
000004030
000004031
000004032
000004033
000004034
000004036
000006279
000247839
000004044
000040692
000011683
000004051
000460612
000004054
000004057
000004058
000004060
000004062
000004064
000004075
000004086
000004091
000004095
000004101
000004107
000126941
000004114
000004120
000004121
000038852
000004139
000008226
000004158
000006741
000006010
000009681
000004168
000004170
000004171
000004173
000004174
000004178
000004184
000004189
000004192
000004195
000055245
000004197
000004201
000004205
000004211
000004212
000004235
000004236
000055188
005281040
000004253
000101526
000446596
005281078
000446541
000004274
000004409
000039147
005311304
000004421
005284594
005284596
005360515
000009677
000004436
000004440
000060026
000004449
000004450
000064142
000004454
000004456
000004463
000004473
000004485
000004493
000004497
000004499
000004506
006604200
000004510
003033637
000006230
000004539
000013109
000004543
000065981
006433272
000004583
000004585
000004594
000004595
003034010
000004601
000065028
000006196
000004609
000004614
000004616
005353853
000004631
000004634
005284603
005281034
005284604
000004649
000441276
000004673
000027350
000131204
000004679
000004680
000165579
000043815
000004695
000037464
000004725
000005852
000006869
000004735
000441277
000004737
000439693
000004740
000047811
000004746
000004747
000004748
000004756
000004763
000004768
000004771
000004775
000006041
000026934
000004810
000005983
005280483
000005909
000004828
000004829
000043672
000004845
000010607
049800003
000004870
000119569
000054687
000004891
000004893
000005755
000005834
000004896
000005865
000004906
000004908
000004909
000004911
000004913
000004914
000004915
000004917
000005994
006178111
000004927
000004932
000004934
000004935
000004943
000004946
000004976
000708857
000004991
000004992
000004993
000004999
000005002
000054891
000005029
000007028
000005035
005362129
003001055
005284616
005280954
000005770
000037542
000005070
000005071
000005073
000392622
000077990
000005078
000005090
000005095
005480431
000005152
000018283
000005161
000005184
000005193
000026757
000063009
000005206
000005210
000005212
000005214
000005215
000005238
000005245
000005248
000005253
000060464
000005833
000005291
006419957
000029327
000005311
000005314
000005318
000005320
000005329
000005333
001548886
000005358
000005359
000445643
002733525
000005379
000005381
000005391
000005394
000452548
000005401
001549007
000005403
000441383
000013769
000006013
000009416
000005995
000005411
000005419
000005426
000005430
000005452
000005453
000941650
000060648
000005468
000021844
000005472
000033624
000005479
000005483
000060946
000005487
000036294
000005503
000005505
000005508
000060774
005284627
000060699
003005572
000033741
000005524
005484727
000005526
000005530
000005533
000444795
000031307
000005546
000005556
000005564
000005565
000005566
000005572
000005576
000005577
000005578
000005582
000005584
000005591
000005593
000072165
000005596
000005625
005311236
000010133
000060772
000060846
000014969
000005656
000005665
000060779
000005717
000024066
000005719
000060855
000035370
003007855
000060857
000005732
000005734
000005735
000005746
000005771
000005775
000005877
000005878
000005939
000005978
000006018
000006049
000006058
000006116
000006238
000006256
000006432
000006436
000006451
000006468
000006476
000006503
000006726
000007012
000007029
000007187
000007638
000007699
000008197
000008230
000008612
000008982
000009034
002724354
000009433
000009904
000010100
000010340
000010413
000010547
000010631
000010660
000011125
000011973
005311507
000012460
000012536
000012555
000012559
000012597
000012620
000013314
000013342
000014789
000014888
000014917
000015232
000015459
000016124
000016230
000016362
000016533
000016850
000016886
000017358
000259331
000019090
000020585
005311052
000021800
000021945
005284569
000022318
000022502
005284555
000023897
000023925
000023926
000023951
000023954
000023957
000023976
000023978
000023982
000023993
000023994
000024087
000024414
000024424
000024450
000024642
000024706
000064730
000024841
000025419
000025959
000027304
000027400
000027661
000027991
000168708
000028332
000028486
000029089
000071384
000031072
000031264
000031378
000031477
000032169
000638678
000032603
005311051
009833444
000034312
000036339
000036523
000036811
000037392
000037720
000038904
000039042
000039507
005311454
000039764
000039860
000040326
000040632
000040703
000040973
000040976
005284513
000041684
000041693
000041744
000041774
000041781
000042113
000042395
000050224
005282381
000044563
000044564
000045469
000047319
000047320
006321416
000047471
000047528
000047641
000047725
000050294
000053024
000051263
000441314
000051634
000052421
000054158
005311181
000054331
000054373
000054454
006335986
000084029
000054786
000444025
000054840
000054949
000055331
000055466
000055480
000056338
000056959
000057166
000057469
000059226
000057697
005284583
000059768
000129211
000060164
000060172
000441313
000060184
000060198
000060490
000060496
000060612
000060613
000060668
000441290
000060706
000060714
000060726
000060751
000060752
000060754
000060934
000060795
000060814
000060830
000060834
000060843
000060852
000060853
000060860
005281071
003033825
000060871
000060877
005281037
000060936
000060953
000061475
000061799
000062305
000062358
000062816
000062819
005311101
000062956
000062959
000062965
005463984
000064147
000064778
000064929
000464205
000065014
000065157
000065281
000065370
000065628
000065840
000065856
000065863
000065866
000065999
000068613
000068740
000068844
000069512
000071158
000175804
000071301
005281042
000071329
000071348
000071360
006918172
000071406
005282415
000071469
000071616
000072022
000444030
000072081
006436173
000072466
009571107
000073303
003002190
000074989
000077992
000077993
005281104
000077997
000077998
000078032
000082146
000082148
000083030
000104810
000104798
000084003
000091488
000387447
003011155
000474409
005460037
000104741
000104758
000441193
000104799
000104849
000104865
000105145
000107694
000107969
000107994
000110634
000110635
009881504
000115237
000115355
000119182
000119212
000119607
000119828
005481350
000121396
000121749
000121892
003086674
003052775
005329098
005282226
000123606
000123610
000123611
000123619
000441335
002826718
000123631
000123634
000123809
000124087
000125017
005486971
005311027
005464097
000129228
000446157
009568613
000130881
000131535
005282451
000132971
000132999
000134018
000134019
000134780
000135113
000145068
000147740
000468595
000148121
003036505
006918289
000148192
000148211
000443872
000150311
000150610
000151075
000151165
000151171
000152945
000153941
000153994
000154058
000154256
000163091
000156418
000449677
000157688
000157920
000157921
000158781
000158786
000159247
006918193
000160051
000160352
000163296
000166548
000168625
000168924
000170361
000171558
000176870
000179344
000185457
000192155
000193962
000197281
000197712
000206527
000208898
000208902
000208908
009960701
009578572
000213039
000213046
003003141
005493444
000216210
000216235
000216237
000216239
000216258
000216326
000216416
000219024
000219078
000450096
000219090
000222786
000445226
000358641
005281075
005281099
005462501
000444006
000444013
006918155
000449193
000455658
000477468
003002977
000489181
000517045
000644241
005312125
005388906
000657298
000667490
001349907
002723601
002761171
006451164
003010818
003038497
003052762
006509979
003062316
003080904
056841124
003081361
045267081
003081884
003085017
003086257
006450551
005329102
005289223
004369359
005288169
005281107
005460193
004517618
005311000
005281081
004659569
005001396
006918537
005273759
005277135
005353562
005310993
005311167
005327147
005328940
005353894
005359476
005359596
005360237
006323490
005361917
005362070
005362420
005381226
005462337
005464096
011672602
005487068
005487301
006918250
005488547
005493381
009916860
006323497
006326970
006328144
006328526
053320414
006918453
006915944
006433082
009838021
009868491
006918554
009875401
006435110
006437075
010034073
006442177
006445540
006452749
006453361
006480466
006850789
006850791
006918182
006918313
006918366
012993649
006918456
045487623
006918558
006918584
006918638
006918670
010220503
011504294
009852981
009854073
025244225
009815560
009926791
009825285
009831414
009831761
009831783
025181561
009853053
009854489
009865528
009869929
009871419
009887712
009898619
011561674
009924495
009930048
009940864
070683023
009966051
010077129
010096344
015950376
010113978
010184653
010178705
010182969
010324367
011658859
010482134
011001318
011020241
011450633
011167602
011467166
011234049
011243969
011238823
011254352
011304743
011499245
011501341
011505907
011519069
023652731
011556711
011593706
011626560
011597697
011672461
011707110
017754356
011947681
011949646
011979316
013559281
015951529
016004692
024873435
024821094
016129616
016129674
016129629
016136912
016129665
016129672
016129682
016129690
016131923
016129703
016129704
016130199
016130295
016130965
016131215
016131310
016132265
016132283
016132344
016132418
016132438
016132441
016132446
016134956
016136245
016137271
016139342
070683012
016157882
070685014
071306891
016213095
016220172
025126797
019371515
025081014
023668479
023689036
023690938
071306410
024776445
024812758
024822371
024826799
024838347
024846132
025151504
024965990
025074470
025074886
025077649
025077993
045375808
025102847
054671203
027885548
026275995
054676537
042611257
054675779
044146714
044201342
044201343
044462760
044564107
044564722
044567678
070788982
046216142
051508717
051601240
053477714
053627505
054684141
054686904
054686183
054687131
056603655
056842239
070683024
070695640
071306834
